hr=71,but data show 142																																																																																																		
57.51239	119.960327	178.408325	233.284851	288.304199	330.180786	336.914368	297.219543	215.096069	98.544006	-39.72229	-191.131531	-327.683563	-420.664154	-458.073334	-445.053925	-395.891693	-323.300903	-240.852905	-155.262115	-70.957031	6.490967	77.938904	145.672607	212.263428	276.42569	317.58786	311.6073	258.340973	159.931763	27.236877	-123.458023	-279.152893	-415.847809	-501.257019	-529.380493	-504.789642	-440.770264	-357.322296	-269.160065	-184.283524	-105.264137	-40.530457	15.203217	64.365463	111.670563	155.689957	166.566483	126.443024	41.605263	-79.375351	-223.641678	-376.90799	-521.888611	-624.583496	-669.564087	-655.259033	-595.239624	-506.791626	-407.629456	-307.752899	-210.876358	-123.428391	-46.55188	22.467529	88.201202	154.791992	213.668533	236.687927	215.707321	152.726685	52.888947	-70.520203	-203.215118	-330.19577	-415.176331	-443.442688	-419.423279	-350.975342	-256.38446	-151.793701	-45.774353	52.387939	139.550171	217.140961	288.017548	354.75119	423.627777	479.075714	492.523651	457.114502	372.419586	245.153198	93.458374	12.52533	-99.959961	-216.912048	-323.797485	-406.016113	-451.568176


hr=61	but data show 122																																																																																																		
1001.978333	974.871399	885.478821	730.943298	531.979309	301.586609	54.908386	-173.484253	-339.734039	-431.555237	-453.090729	-428.911926	-379.304565	-325.268616	-274.804047	-236.196686	-215.160736	-200.981934	-187.803131	-165.052917	-130.302704	-79.409607	-14.945068	56.948029	92.55542	66.162781	-32.80127	-189.193893	-383.443634	-595.979126	-801.228882	-953.621582	-1021.01416	-1002.549622	-916.799377	-797.192017	-664.870361	-540.977295	-434.369873	-349.048218	-278.297974	-215.690613	-151.368942	-80.19014	1.988663	93.16748	194.917694	303.667938	406.703888	468.596985	462.91864	386.240295	251.133392	77.026497	-115.366135	-300.615906	-440.437073	-506.258301	-495.65094	-424.757812	-324.007629	-213.971619	-113.221405	-24.328293	46.993362	107.45787	159.065247	217.529755	282.708588	360.601685	448.351898	548.530701	654.138062	740.888306	763.352844	700.388794	558.28186	359.889282	124.496674	-125.467407	-353.288574	-515.96698	-585.50238	-576.609314	-518.287659	-439.680359	-361.930054	-299.036926	-255.286743	-232.822205	-221.214844	-210.036072	-190.714417	-161.964172	-141.094849	-112.806519	-77.534851	-36.296509	6.358459	48.680115

hr=62	but data show 186																																																																																																
84.705551	109.267189	124.257401	113.533325	76.666397	29.370892	-21.781754	-70.93441	-118.658478	-159.239685	-173.678055	-156.687836	-127.411926	-90.70742	-50.00293	-12.012718	25.548923	59.824848	82.243629	80.376694	53.795479	18.071404	-22.509811	-61.948174	-102.529396	-133.82489	-135.977554	-111.415894	-75.997116	-30.292622	14.840445	62.973511	106.963722	144.096786	175.515579	191.077209	173.638855	139.200485	98.47641	54.038055	14.171124	-21.69581	-41.419884	-27.429676	4.846251	44.979321	90.398102	130.388306	165.521378	195.797302	215.073227	201.063446	155.625076	95.472435	31.891216	-32.404289	-93.556931	-148.566727	-170.147934	-159.014877	-128.596085	-90.32016	-48.901382	-12.196887	25.936182	60.212105	86.773743	82.192528	51.897026	9.601521	-32.836842	-78.989487	-125.856415	-166.58049	-177.733139	-161.171509	-130.324158	-93.191078	-51.48658	-6.210659	37.922413	77.055481	113.617119	133.60733	121.454674	91.444885	52.435104	8.711029	-32.013046	-71.022835	-94.032623	-84.328125	-55.623627	-16.34771	4.809166	27.432716	50.122925	74.613136	98.103348	121.593559

all data are 50hz 2s (My English is not very good, sorry)
mcu stm32f103c8t6
